     1        0   0.000
     2    29358   0.020
     3    58715   0.040
     4    88072   0.060
     5   117429   0.080
     6   146786   0.100
     7   176143   0.120
     8   205500   0.140
     9   234857   0.160
    10   264214   0.180
    11   293571   0.200
    12   322928   0.220
    13   352285   0.240
    14   381642   0.260
    15   410999   0.280
    16   440356   0.300
    17   469713   0.320
    18   499070   0.340
    19   528427   0.360
    20   557784   0.380
    21   587141   0.400
    22   616498   0.420
    23   645855   0.440
    24   675212   0.460
    25   704569   0.480
    26   733926   0.500
