     1        0   129600   0.000
     2    29358   129600   0.020
     3    58715   131072   0.040
     4    88072   133428   0.060
     5   117429   135782   0.080
     6   146786   138318   0.100
     7   176143   138318   0.120
     8   205500   140893   0.140
     9   234857   143507   0.160
    10   264214   146341   0.180
    11   293571   149207   0.200
    12   322928   149207   0.220
    13   352285   152068   0.240
    14   381642   155059   0.260
    15   410999   158007   0.280
    16   440356   160877   0.300
    17   469713   160877   0.320
    18   499070   164038   0.340
    19   528427   167236   0.360
    20   557784   170377   0.380
    21   587141   173476   0.400
    22   616498   173476   0.420
    23   645855   176663   0.440
    24   675212   179869   0.460
    25   704569   183180   0.480
    26   733926   186485   0.500
