      1000   0.001 -0.105E+12 -0.974E+11
      2000   0.001 -0.101E+12 -0.983E+11
      3000   0.002 -0.127E+12 -0.125E+12
      4000   0.003 -0.145E+12 -0.146E+12
      5000   0.003 -0.160E+12 -0.158E+12
      6000   0.004 -0.170E+12 -0.169E+12
      7000   0.005 -0.173E+12 -0.173E+12
      8000   0.005 -0.173E+12 -0.175E+12
      9000   0.006 -0.173E+12 -0.175E+12
     10000   0.007 -0.175E+12 -0.177E+12
     11000   0.007 -0.176E+12 -0.177E+12
     12000   0.008 -0.176E+12 -0.177E+12
     13000   0.009 -0.176E+12 -0.176E+12
     14000   0.010 -0.175E+12 -0.176E+12
     15000   0.010 -0.174E+12 -0.174E+12
     16000   0.011 -0.174E+12 -0.175E+12
     17000   0.012 -0.173E+12 -0.174E+12
     18000   0.012 -0.173E+12 -0.173E+12
     19000   0.013 -0.172E+12 -0.173E+12
     20000   0.014 -0.173E+12 -0.173E+12
     21000   0.014 -0.171E+12 -0.168E+12
     22000   0.015 -0.168E+12 -0.171E+12
     23000   0.016 -0.171E+12 -0.169E+12
     24000   0.016 -0.172E+12 -0.171E+12
     25000   0.017 -0.171E+12 -0.173E+12
     26000   0.018 -0.170E+12 -0.171E+12
     27000   0.018 -0.170E+12 -0.172E+12
     28000   0.019 -0.169E+12 -0.172E+12
     29000   0.020 -0.168E+12 -0.173E+12
     30000   0.020 -0.169E+12 -0.171E+12
     31000   0.021 -0.167E+12 -0.168E+12
     32000   0.022 -0.165E+12 -0.168E+12
     33000   0.022 -0.165E+12 -0.167E+12
     34000   0.023 -0.162E+12 -0.163E+12
     35000   0.024 -0.163E+12 -0.162E+12
     36000   0.025 -0.158E+12 -0.159E+12
     37000   0.025 -0.172E+12 -0.172E+12
     38000   0.026 -0.205E+12 -0.164E+12
     39000   0.027 -0.175E+12 -0.180E+12
     40000   0.027 -0.163E+12 -0.153E+12
     41000   0.028 -0.166E+12 -0.163E+12
     42000   0.029 -0.155E+12 -0.160E+12
     43000   0.029 -0.162E+12 -0.154E+12
     44000   0.030 -0.162E+12 -0.164E+12
     45000   0.031 -0.153E+12 -0.150E+12
     46000   0.031 -0.157E+12 -0.163E+12
     47000   0.032 -0.155E+12 -0.154E+12
     48000   0.033 -0.156E+12 -0.162E+12
     49000   0.033 -0.158E+12 -0.155E+12
     50000   0.034 -0.156E+12 -0.160E+12
     51000   0.035 -0.145E+12 -0.147E+12
     52000   0.035 -0.152E+12 -0.147E+12
     53000   0.036 -0.145E+12 -0.149E+12
     54000   0.037 -0.147E+12 -0.144E+12
     55000   0.037 -0.151E+12 -0.150E+12
     56000   0.038 -0.149E+12 -0.147E+12
     57000   0.039 -0.155E+12 -0.151E+12
     58000   0.040 -0.154E+12 -0.154E+12
     59000   0.040 -0.146E+12 -0.143E+12
     60000   0.041 -0.148E+12 -0.143E+12
     61000   0.042 -0.146E+12 -0.145E+12
     62000   0.042 -0.144E+12 -0.145E+12
     63000   0.043 -0.148E+12 -0.147E+12
     64000   0.044 -0.151E+12 -0.151E+12
     65000   0.044 -0.151E+12 -0.153E+12
     66000   0.045 -0.154E+12 -0.151E+12
     67000   0.046 -0.152E+12 -0.151E+12
     68000   0.046 -0.152E+12 -0.150E+12
     69000   0.047 -0.158E+12 -0.151E+12
     70000   0.048 -0.155E+12 -0.155E+12
     71000   0.048 -0.149E+12 -0.153E+12
     72000   0.049 -0.152E+12 -0.154E+12
     73000   0.050 -0.158E+12 -0.155E+12
     74000   0.050 -0.216E+12 -0.223E+12
     75000   0.051 -0.171E+12 -0.189E+12
     76000   0.052 -0.186E+12 -0.176E+12
     77000   0.052 -0.154E+12 -0.161E+12
     78000   0.053 -0.168E+12 -0.171E+12
     79000   0.054 -0.168E+12 -0.170E+12
     80000   0.055 -0.166E+12 -0.167E+12
     81000   0.055 -0.161E+12 -0.169E+12
     82000   0.056 -0.161E+12 -0.168E+12
     83000   0.057 -0.163E+12 -0.168E+12
     84000   0.057 -0.160E+12 -0.166E+12
     85000   0.058 -0.163E+12 -0.167E+12
     86000   0.059 -0.157E+12 -0.157E+12
     87000   0.059 -0.159E+12 -0.158E+12
     88000   0.060 -0.158E+12 -0.158E+12
     89000   0.061 -0.157E+12 -0.155E+12
     90000   0.061 -0.158E+12 -0.158E+12
     91000   0.062 -0.156E+12 -0.156E+12
     92000   0.063 -0.158E+12 -0.156E+12
     93000   0.063 -0.156E+12 -0.157E+12
     94000   0.064 -0.154E+12 -0.165E+12
     95000   0.065 -0.156E+12 -0.172E+12
     96000   0.065 -0.156E+12 -0.177E+12
     97000   0.066 -0.156E+12 -0.185E+12
     98000   0.067 -0.157E+12 -0.180E+12
     99000   0.067 -0.156E+12 -0.190E+12
    100000   0.068 -0.158E+12 -0.183E+12
    101000   0.069 -0.163E+12 -0.157E+12
    102000   0.069 -0.166E+12 -0.166E+12
    103000   0.070 -0.160E+12 -0.167E+12
    104000   0.071 -0.159E+12 -0.158E+12
    105000   0.072 -0.162E+12 -0.161E+12
    106000   0.072 -0.161E+12 -0.164E+12
    107000   0.073 -0.163E+12 -0.165E+12
    108000   0.074 -0.163E+12 -0.166E+12
    109000   0.074 -0.166E+12 -0.170E+12
    110000   0.075 -0.165E+12 -0.175E+12
    111000   0.076 -0.261E+12 -0.261E+12
    112000   0.076 -0.206E+12 -0.197E+12
    113000   0.077 -0.177E+12 -0.189E+12
    114000   0.078 -0.159E+12 -0.158E+12
    115000   0.078 -0.162E+12 -0.167E+12
    116000   0.079 -0.155E+12 -0.166E+12
    117000   0.080 -0.163E+12 -0.164E+12
    118000   0.080 -0.163E+12 -0.171E+12
    119000   0.081 -0.154E+12 -0.159E+12
    120000   0.082 -0.161E+12 -0.164E+12
    121000   0.082 -0.165E+12 -0.170E+12
    122000   0.083 -0.165E+12 -0.172E+12
    123000   0.084 -0.171E+12 -0.174E+12
    124000   0.084 -0.168E+12 -0.170E+12
    125000   0.085 -0.168E+12 -0.172E+12
    126000   0.086 -0.168E+12 -0.171E+12
    127000   0.087 -0.165E+12 -0.172E+12
    128000   0.087 -0.167E+12 -0.172E+12
    129000   0.088 -0.169E+12 -0.170E+12
    130000   0.089 -0.164E+12 -0.170E+12
    131000   0.089 -0.164E+12 -0.169E+12
    132000   0.090 -0.166E+12 -0.166E+12
    133000   0.091 -0.161E+12 -0.166E+12
    134000   0.091 -0.162E+12 -0.166E+12
    135000   0.092 -0.167E+12 -0.165E+12
    136000   0.093 -0.165E+12 -0.165E+12
    137000   0.093 -0.161E+12 -0.164E+12
    138000   0.094 -0.162E+12 -0.165E+12
    139000   0.095 -0.166E+12 -0.165E+12
    140000   0.095 -0.169E+12 -0.166E+12
    141000   0.096 -0.167E+12 -0.167E+12
    142000   0.097 -0.165E+12 -0.169E+12
    143000   0.097 -0.168E+12 -0.169E+12
    144000   0.098 -0.170E+12 -0.170E+12
    145000   0.099 -0.172E+12 -0.171E+12
    146000   0.099 -0.172E+12 -0.174E+12
    147000   0.100 -0.176E+12 -0.177E+12
    148000   0.101 -0.297E+12 -0.288E+12
    149000   0.102 -0.211E+12 -0.209E+12
    150000   0.102 -0.184E+12 -0.186E+12
    151000   0.103 -0.172E+12 -0.173E+12
    152000   0.104 -0.180E+12 -0.192E+12
    153000   0.104 -0.175E+12 -0.192E+12
    154000   0.105 -0.174E+12 -0.176E+12
    155000   0.106 -0.177E+12 -0.190E+12
    156000   0.106 -0.170E+12 -0.189E+12
    157000   0.107 -0.180E+12 -0.182E+12
    158000   0.108 -0.174E+12 -0.187E+12
    159000   0.108 -0.170E+12 -0.187E+12
    160000   0.109 -0.175E+12 -0.182E+12
    161000   0.110 -0.173E+12 -0.182E+12
    162000   0.110 -0.172E+12 -0.181E+12
    163000   0.111 -0.173E+12 -0.178E+12
    164000   0.112 -0.174E+12 -0.178E+12
    165000   0.112 -0.170E+12 -0.181E+12
    166000   0.113 -0.171E+12 -0.179E+12
    167000   0.114 -0.174E+12 -0.178E+12
    168000   0.114 -0.168E+12 -0.172E+12
    169000   0.115 -0.168E+12 -0.175E+12
    170000   0.116 -0.170E+12 -0.174E+12
    171000   0.116 -0.171E+12 -0.171E+12
    172000   0.117 -0.170E+12 -0.170E+12
    173000   0.118 -0.172E+12 -0.174E+12
    174000   0.119 -0.175E+12 -0.177E+12
    175000   0.119 -0.176E+12 -0.175E+12
    176000   0.120 -0.177E+12 -0.176E+12
    177000   0.121 -0.179E+12 -0.178E+12
    178000   0.121 -0.175E+12 -0.176E+12
    179000   0.122 -0.178E+12 -0.178E+12
    180000   0.123 -0.180E+12 -0.178E+12
    181000   0.123 -0.189E+12 -0.183E+12
    182000   0.124 -0.188E+12 -0.182E+12
    183000   0.125 -0.191E+12 -0.185E+12
    184000   0.125 -0.277E+12 -0.252E+12
    185000   0.126 -0.308E+12 -0.248E+12
    186000   0.127 -0.263E+12 -0.208E+12
    187000   0.127 -0.219E+12 -0.258E+12
    188000   0.128 -0.181E+12 -0.205E+12
    189000   0.129 -0.190E+12 -0.179E+12
    190000   0.129 -0.187E+12 -0.217E+12
    191000   0.130 -0.181E+12 -0.190E+12
    192000   0.131 -0.187E+12 -0.175E+12
    193000   0.131 -0.187E+12 -0.185E+12
    194000   0.132 -0.182E+12 -0.174E+12
    195000   0.133 -0.187E+12 -0.171E+12
    196000   0.134 -0.181E+12 -0.178E+12
    197000   0.134 -0.174E+12 -0.177E+12
    198000   0.135 -0.178E+12 -0.172E+12
    199000   0.136 -0.183E+12 -0.175E+12
    200000   0.136 -0.173E+12 -0.184E+12
    201000   0.137 -0.173E+12 -0.175E+12
    202000   0.138 -0.178E+12 -0.179E+12
    203000   0.138 -0.178E+12 -0.178E+12
    204000   0.139 -0.171E+12 -0.178E+12
    205000   0.140 -0.179E+12 -0.188E+12
    206000   0.140 -0.184E+12 -0.194E+12
    207000   0.141 -0.182E+12 -0.191E+12
    208000   0.142 -0.184E+12 -0.193E+12
    209000   0.142 -0.187E+12 -0.196E+12
    210000   0.143 -0.186E+12 -0.194E+12
    211000   0.144 -0.186E+12 -0.193E+12
    212000   0.144 -0.184E+12 -0.195E+12
    213000   0.145 -0.189E+12 -0.197E+12
    214000   0.146 -0.191E+12 -0.191E+12
    215000   0.146 -0.190E+12 -0.193E+12
    216000   0.147 -0.187E+12 -0.196E+12
    217000   0.148 -0.187E+12 -0.196E+12
    218000   0.149 -0.187E+12 -0.193E+12
    219000   0.149 -0.193E+12 -0.206E+12
    220000   0.150 -0.193E+12 -0.198E+12
    221000   0.151 -0.323E+12 -0.316E+12
    222000   0.151 -0.204E+12 -0.199E+12
    223000   0.152 -0.216E+12 -0.226E+12
    224000   0.153 -0.197E+12 -0.207E+12
    225000   0.153 -0.256E+12 -0.236E+12
    226000   0.154 -0.236E+12 -0.258E+12
    227000   0.155 -0.225E+12 -0.253E+12
    228000   0.155 -0.209E+12 -0.249E+12
    229000   0.156 -0.232E+12 -0.213E+12
    230000   0.157 -0.243E+12 -0.219E+12
    231000   0.157 -0.208E+12 -0.225E+12
    232000   0.158 -0.232E+12 -0.198E+12
    233000   0.159 -0.210E+12 -0.200E+12
    234000   0.159 -0.205E+12 -0.209E+12
    235000   0.160 -0.229E+12 -0.178E+12
    236000   0.161 -0.201E+12 -0.187E+12
    237000   0.161 -0.198E+12 -0.194E+12
    238000   0.162 -0.222E+12 -0.183E+12
    239000   0.163 -0.190E+12 -0.189E+12
    240000   0.164 -0.179E+12 -0.194E+12
    241000   0.164 -0.194E+12 -0.182E+12
    242000   0.165 -0.196E+12 -0.182E+12
    243000   0.166 -0.188E+12 -0.188E+12
    244000   0.166 -0.186E+12 -0.192E+12
    245000   0.167 -0.187E+12 -0.187E+12
    246000   0.168 -0.185E+12 -0.193E+12
    247000   0.168 -0.187E+12 -0.199E+12
    248000   0.169 -0.189E+12 -0.195E+12
    249000   0.170 -0.184E+12 -0.190E+12
    250000   0.170 -0.184E+12 -0.192E+12
    251000   0.171 -0.186E+12 -0.196E+12
    252000   0.172 -0.188E+12 -0.197E+12
    253000   0.172 -0.191E+12 -0.196E+12
    254000   0.173 -0.185E+12 -0.190E+12
    255000   0.174 -0.187E+12 -0.194E+12
    256000   0.174 -0.187E+12 -0.194E+12
    257000   0.175 -0.193E+12 -0.198E+12
    258000   0.176 -0.341E+12 -0.337E+12
    259000   0.176 -0.231E+12 -0.215E+12
    260000   0.177 -0.220E+12 -0.311E+12
    261000   0.178 -0.200E+12 -0.239E+12
    262000   0.178 -0.198E+12 -0.293E+12
    263000   0.179 -0.191E+12 -0.278E+12
    264000   0.180 -0.195E+12 -0.285E+12
    265000   0.181 -0.193E+12 -0.278E+12
    266000   0.181 -0.196E+12 -0.270E+12
    267000   0.182 -0.184E+12 -0.280E+12
    268000   0.183 -0.187E+12 -0.237E+12
    269000   0.183 -0.181E+12 -0.283E+12
    270000   0.184 -0.193E+12 -0.237E+12
    271000   0.185 -0.221E+12 -0.233E+12
    272000   0.185 -0.185E+12 -0.273E+12
    273000   0.186 -0.182E+12 -0.217E+12
    274000   0.187 -0.199E+12 -0.195E+12
    275000   0.187 -0.183E+12 -0.215E+12
    276000   0.188 -0.179E+12 -0.233E+12
    277000   0.189 -0.200E+12 -0.203E+12
    278000   0.189 -0.206E+12 -0.195E+12
    279000   0.190 -0.179E+12 -0.236E+12
    280000   0.191 -0.193E+12 -0.214E+12
    281000   0.191 -0.200E+12 -0.187E+12
    282000   0.192 -0.181E+12 -0.202E+12
    283000   0.193 -0.183E+12 -0.199E+12
    284000   0.193 -0.194E+12 -0.188E+12
    285000   0.194 -0.190E+12 -0.194E+12
    286000   0.195 -0.184E+12 -0.200E+12
    287000   0.196 -0.190E+12 -0.196E+12
    288000   0.196 -0.198E+12 -0.192E+12
    289000   0.197 -0.192E+12 -0.190E+12
    290000   0.198 -0.188E+12 -0.195E+12
    291000   0.198 -0.193E+12 -0.197E+12
    292000   0.199 -0.196E+12 -0.202E+12
    293000   0.200 -0.192E+12 -0.195E+12
    294000   0.200 -0.299E+12 -0.262E+12
    295000   0.201 -0.308E+12 -0.207E+12
    296000   0.202 -0.224E+12 -0.259E+12
    297000   0.202 -0.207E+12 -0.249E+12
    298000   0.203 -0.211E+12 -0.177E+12
    299000   0.204 -0.194E+12 -0.219E+12
    300000   0.204 -0.200E+12 -0.205E+12
    301000   0.205 -0.203E+12 -0.184E+12
    302000   0.206 -0.186E+12 -0.203E+12
    303000   0.206 -0.192E+12 -0.190E+12
    304000   0.207 -0.195E+12 -0.184E+12
    305000   0.208 -0.187E+12 -0.192E+12
    306000   0.208 -0.188E+12 -0.187E+12
    307000   0.209 -0.188E+12 -0.182E+12
    308000   0.210 -0.187E+12 -0.189E+12
    309000   0.211 -0.184E+12 -0.182E+12
    310000   0.211 -0.191E+12 -0.185E+12
    311000   0.212 -0.186E+12 -0.183E+12
    312000   0.213 -0.185E+12 -0.184E+12
    313000   0.213 -0.187E+12 -0.183E+12
    314000   0.214 -0.191E+12 -0.187E+12
    315000   0.215 -0.192E+12 -0.184E+12
    316000   0.215 -0.196E+12 -0.187E+12
    317000   0.216 -0.191E+12 -0.182E+12
    318000   0.217 -0.207E+12 -0.183E+12
    319000   0.217 -0.217E+12 -0.187E+12
    320000   0.218 -0.207E+12 -0.190E+12
    321000   0.219 -0.193E+12 -0.192E+12
    322000   0.219 -0.196E+12 -0.191E+12
    323000   0.220 -0.196E+12 -0.191E+12
    324000   0.221 -0.196E+12 -0.196E+12
    325000   0.221 -0.194E+12 -0.195E+12
    326000   0.222 -0.194E+12 -0.192E+12
    327000   0.223 -0.194E+12 -0.195E+12
    328000   0.223 -0.194E+12 -0.196E+12
    329000   0.224 -0.195E+12 -0.196E+12
    330000   0.225 -0.199E+12 -0.199E+12
    331000   0.226 -0.341E+12 -0.360E+12
    332000   0.226 -0.214E+12 -0.230E+12
    333000   0.227 -0.255E+12 -0.253E+12
    334000   0.228 -0.220E+12 -0.217E+12
    335000   0.228 -0.198E+12 -0.202E+12
    336000   0.229 -0.215E+12 -0.215E+12
    337000   0.230 -0.201E+12 -0.208E+12
    338000   0.230 -0.201E+12 -0.204E+12
    339000   0.231 -0.198E+12 -0.202E+12
    340000   0.232 -0.191E+12 -0.197E+12
    341000   0.232 -0.192E+12 -0.197E+12
    342000   0.233 -0.193E+12 -0.199E+12
    343000   0.234 -0.190E+12 -0.194E+12
    344000   0.234 -0.191E+12 -0.192E+12
    345000   0.235 -0.192E+12 -0.196E+12
    346000   0.236 -0.190E+12 -0.194E+12
    347000   0.236 -0.191E+12 -0.196E+12
    348000   0.237 -0.192E+12 -0.195E+12
    349000   0.238 -0.192E+12 -0.196E+12
    350000   0.238 -0.195E+12 -0.201E+12
    351000   0.239 -0.199E+12 -0.198E+12
    352000   0.240 -0.196E+12 -0.194E+12
    353000   0.240 -0.196E+12 -0.202E+12
    354000   0.241 -0.198E+12 -0.204E+12
    355000   0.242 -0.200E+12 -0.202E+12
    356000   0.243 -0.200E+12 -0.205E+12
    357000   0.243 -0.200E+12 -0.207E+12
    358000   0.244 -0.203E+12 -0.210E+12
    359000   0.245 -0.207E+12 -0.213E+12
    360000   0.245 -0.208E+12 -0.212E+12
    361000   0.246 -0.207E+12 -0.213E+12
    362000   0.247 -0.206E+12 -0.217E+12
    363000   0.247 -0.207E+12 -0.215E+12
    364000   0.248 -0.208E+12 -0.213E+12
    365000   0.249 -0.208E+12 -0.216E+12
    366000   0.249 -0.209E+12 -0.219E+12
    367000   0.250 -0.210E+12 -0.221E+12
    368000   0.251 -0.336E+12 -0.375E+12
    369000   0.251 -0.243E+12 -0.231E+12
    370000   0.252 -0.271E+12 -0.254E+12
    371000   0.253 -0.219E+12 -0.235E+12
    372000   0.253 -0.251E+12 -0.242E+12
    373000   0.254 -0.232E+12 -0.232E+12
    374000   0.255 -0.251E+12 -0.231E+12
    375000   0.255 -0.237E+12 -0.229E+12
    376000   0.256 -0.234E+12 -0.233E+12
    377000   0.257 -0.241E+12 -0.225E+12
    378000   0.258 -0.227E+12 -0.230E+12
    379000   0.258 -0.244E+12 -0.229E+12
    380000   0.259 -0.232E+12 -0.222E+12
    381000   0.260 -0.233E+12 -0.216E+12
    382000   0.260 -0.238E+12 -0.213E+12
    383000   0.261 -0.227E+12 -0.222E+12
    384000   0.262 -0.230E+12 -0.222E+12
    385000   0.262 -0.230E+12 -0.220E+12
    386000   0.263 -0.225E+12 -0.218E+12
    387000   0.264 -0.226E+12 -0.217E+12
    388000   0.264 -0.229E+12 -0.214E+12
    389000   0.265 -0.229E+12 -0.214E+12
    390000   0.266 -0.236E+12 -0.217E+12
    391000   0.266 -0.234E+12 -0.221E+12
    392000   0.267 -0.235E+12 -0.226E+12
    393000   0.268 -0.238E+12 -0.221E+12
    394000   0.268 -0.232E+12 -0.218E+12
    395000   0.269 -0.233E+12 -0.216E+12
    396000   0.270 -0.231E+12 -0.220E+12
    397000   0.270 -0.228E+12 -0.228E+12
    398000   0.271 -0.229E+12 -0.236E+12
    399000   0.272 -0.225E+12 -0.241E+12
    400000   0.273 -0.231E+12 -0.242E+12
    401000   0.273 -0.239E+12 -0.243E+12
    402000   0.274 -0.233E+12 -0.246E+12
    403000   0.275 -0.232E+12 -0.247E+12
    404000   0.275 -0.288E+12 -0.277E+12
    405000   0.276 -0.328E+12 -0.211E+12
    406000   0.277 -0.236E+12 -0.291E+12
    407000   0.277 -0.231E+12 -0.262E+12
    408000   0.278 -0.237E+12 -0.206E+12
    409000   0.279 -0.208E+12 -0.255E+12
    410000   0.279 -0.229E+12 -0.208E+12
    411000   0.280 -0.228E+12 -0.213E+12
    412000   0.281 -0.213E+12 -0.222E+12
    413000   0.281 -0.222E+12 -0.203E+12
    414000   0.282 -0.214E+12 -0.210E+12
    415000   0.283 -0.206E+12 -0.204E+12
    416000   0.283 -0.212E+12 -0.202E+12
    417000   0.284 -0.209E+12 -0.205E+12
    418000   0.285 -0.210E+12 -0.205E+12
    419000   0.285 -0.211E+12 -0.207E+12
    420000   0.286 -0.209E+12 -0.207E+12
    421000   0.287 -0.211E+12 -0.206E+12
    422000   0.288 -0.209E+12 -0.206E+12
    423000   0.288 -0.207E+12 -0.207E+12
    424000   0.289 -0.210E+12 -0.210E+12
    425000   0.290 -0.217E+12 -0.224E+12
    426000   0.290 -0.230E+12 -0.214E+12
    427000   0.291 -0.232E+12 -0.208E+12
    428000   0.292 -0.227E+12 -0.217E+12
    429000   0.292 -0.222E+12 -0.215E+12
    430000   0.293 -0.222E+12 -0.208E+12
    431000   0.294 -0.225E+12 -0.216E+12
    432000   0.294 -0.226E+12 -0.220E+12
    433000   0.295 -0.233E+12 -0.217E+12
    434000   0.296 -0.237E+12 -0.215E+12
    435000   0.296 -0.244E+12 -0.220E+12
    436000   0.297 -0.244E+12 -0.225E+12
    437000   0.298 -0.241E+12 -0.224E+12
    438000   0.298 -0.234E+12 -0.228E+12
    439000   0.299 -0.231E+12 -0.224E+12
    440000   0.300 -0.233E+12 -0.222E+12
    441000   0.300 -0.365E+12 -0.366E+12
    442000   0.301 -0.234E+12 -0.234E+12
    443000   0.302 -0.287E+12 -0.269E+12
    444000   0.302 -0.232E+12 -0.225E+12
    445000   0.303 -0.223E+12 -0.218E+12
    446000   0.304 -0.231E+12 -0.227E+12
    447000   0.305 -0.225E+12 -0.222E+12
    448000   0.305 -0.224E+12 -0.224E+12
    449000   0.306 -0.218E+12 -0.221E+12
    450000   0.307 -0.216E+12 -0.218E+12
    451000   0.307 -0.212E+12 -0.217E+12
    452000   0.308 -0.223E+12 -0.218E+12
    453000   0.309 -0.239E+12 -0.222E+12
    454000   0.309 -0.265E+12 -0.231E+12
    455000   0.310 -0.264E+12 -0.212E+12
    456000   0.311 -0.256E+12 -0.211E+12
    457000   0.311 -0.262E+12 -0.218E+12
    458000   0.312 -0.259E+12 -0.217E+12
    459000   0.313 -0.251E+12 -0.222E+12
    460000   0.313 -0.250E+12 -0.213E+12
    461000   0.314 -0.238E+12 -0.213E+12
    462000   0.315 -0.235E+12 -0.219E+12
    463000   0.315 -0.224E+12 -0.220E+12
    464000   0.316 -0.223E+12 -0.222E+12
    465000   0.317 -0.217E+12 -0.213E+12
    466000   0.317 -0.219E+12 -0.216E+12
    467000   0.318 -0.220E+12 -0.224E+12
    468000   0.319 -0.224E+12 -0.218E+12
    469000   0.320 -0.227E+12 -0.213E+12
    470000   0.320 -0.223E+12 -0.216E+12
    471000   0.321 -0.224E+12 -0.220E+12
    472000   0.322 -0.223E+12 -0.227E+12
    473000   0.322 -0.222E+12 -0.220E+12
    474000   0.323 -0.218E+12 -0.217E+12
    475000   0.324 -0.216E+12 -0.217E+12
    476000   0.324 -0.216E+12 -0.221E+12
    477000   0.325 -0.214E+12 -0.225E+12
    478000   0.326 -0.373E+12 -0.394E+12
    479000   0.326 -0.235E+12 -0.229E+12
    480000   0.327 -0.294E+12 -0.286E+12
    481000   0.328 -0.231E+12 -0.228E+12
    482000   0.328 -0.227E+12 -0.209E+12
    483000   0.329 -0.235E+12 -0.228E+12
    484000   0.330 -0.223E+12 -0.225E+12
    485000   0.330 -0.214E+12 -0.210E+12
    486000   0.331 -0.211E+12 -0.213E+12
    487000   0.332 -0.210E+12 -0.212E+12
    488000   0.332 -0.206E+12 -0.208E+12
    489000   0.333 -0.212E+12 -0.209E+12
    490000   0.334 -0.212E+12 -0.211E+12
    491000   0.335 -0.199E+12 -0.209E+12
    492000   0.335 -0.204E+12 -0.210E+12
    493000   0.336 -0.205E+12 -0.215E+12
    494000   0.337 -0.201E+12 -0.211E+12
    495000   0.337 -0.204E+12 -0.209E+12
    496000   0.338 -0.205E+12 -0.209E+12
    497000   0.339 -0.205E+12 -0.212E+12
    498000   0.339 -0.207E+12 -0.216E+12
    499000   0.340 -0.207E+12 -0.221E+12
    500000   0.341 -0.213E+12 -0.225E+12
    501000   0.341 -0.212E+12 -0.224E+12
    502000   0.342 -0.211E+12 -0.220E+12
    503000   0.343 -0.215E+12 -0.219E+12
    504000   0.343 -0.210E+12 -0.217E+12
    505000   0.344 -0.209E+12 -0.219E+12
    506000   0.345 -0.212E+12 -0.214E+12
    507000   0.345 -0.215E+12 -0.214E+12
    508000   0.346 -0.216E+12 -0.215E+12
    509000   0.347 -0.214E+12 -0.218E+12
    510000   0.347 -0.216E+12 -0.216E+12
    511000   0.348 -0.219E+12 -0.216E+12
    512000   0.349 -0.221E+12 -0.216E+12
    513000   0.349 -0.223E+12 -0.219E+12
    514000   0.350 -0.309E+12 -0.274E+12
    515000   0.351 -0.332E+12 -0.272E+12
    516000   0.352 -0.262E+12 -0.272E+12
    517000   0.352 -0.255E+12 -0.280E+12
    518000   0.353 -0.230E+12 -0.207E+12
    519000   0.354 -0.226E+12 -0.240E+12
    520000   0.354 -0.229E+12 -0.227E+12
    521000   0.355 -0.218E+12 -0.206E+12
    522000   0.356 -0.208E+12 -0.214E+12
    523000   0.356 -0.217E+12 -0.209E+12
    524000   0.357 -0.213E+12 -0.205E+12
    525000   0.358 -0.205E+12 -0.206E+12
    526000   0.358 -0.210E+12 -0.205E+12
    527000   0.359 -0.212E+12 -0.206E+12
    528000   0.360 -0.209E+12 -0.202E+12
    529000   0.360 -0.208E+12 -0.203E+12
    530000   0.361 -0.208E+12 -0.203E+12
    531000   0.362 -0.215E+12 -0.210E+12
    532000   0.362 -0.214E+12 -0.209E+12
    533000   0.363 -0.212E+12 -0.209E+12
    534000   0.364 -0.212E+12 -0.208E+12
    535000   0.364 -0.213E+12 -0.209E+12
    536000   0.365 -0.219E+12 -0.213E+12
    537000   0.366 -0.214E+12 -0.208E+12
    538000   0.367 -0.212E+12 -0.211E+12
    539000   0.367 -0.214E+12 -0.213E+12
    540000   0.368 -0.216E+12 -0.211E+12
    541000   0.369 -0.217E+12 -0.212E+12
    542000   0.369 -0.217E+12 -0.213E+12
    543000   0.370 -0.221E+12 -0.217E+12
    544000   0.371 -0.231E+12 -0.223E+12
    545000   0.371 -0.224E+12 -0.218E+12
    546000   0.372 -0.220E+12 -0.216E+12
    547000   0.373 -0.222E+12 -0.216E+12
    548000   0.373 -0.224E+12 -0.219E+12
    549000   0.374 -0.227E+12 -0.225E+12
    550000   0.375 -0.228E+12 -0.225E+12
    551000   0.375 -0.393E+12 -0.381E+12
    552000   0.376 -0.289E+12 -0.237E+12
    553000   0.377 -0.299E+12 -0.311E+12
    554000   0.377 -0.270E+12 -0.277E+12
    555000   0.378 -0.309E+12 -0.276E+12
    556000   0.379 -0.298E+12 -0.274E+12
    557000   0.379 -0.285E+12 -0.263E+12
    558000   0.380 -0.304E+12 -0.263E+12
    559000   0.381 -0.288E+12 -0.259E+12
    560000   0.382 -0.303E+12 -0.252E+12
    561000   0.382 -0.290E+12 -0.256E+12
    562000   0.383 -0.296E+12 -0.256E+12
    563000   0.384 -0.292E+12 -0.250E+12
    564000   0.384 -0.290E+12 -0.260E+12
    565000   0.385 -0.287E+12 -0.248E+12
    566000   0.386 -0.288E+12 -0.254E+12
    567000   0.386 -0.287E+12 -0.256E+12
    568000   0.387 -0.285E+12 -0.255E+12
    569000   0.388 -0.280E+12 -0.251E+12
    570000   0.388 -0.274E+12 -0.253E+12
    571000   0.389 -0.277E+12 -0.250E+12
    572000   0.390 -0.273E+12 -0.248E+12
    573000   0.390 -0.259E+12 -0.251E+12
    574000   0.391 -0.252E+12 -0.243E+12
    575000   0.392 -0.250E+12 -0.241E+12
    576000   0.392 -0.250E+12 -0.237E+12
    577000   0.393 -0.254E+12 -0.234E+12
    578000   0.394 -0.253E+12 -0.240E+12
    579000   0.394 -0.259E+12 -0.241E+12
    580000   0.395 -0.268E+12 -0.247E+12
    581000   0.396 -0.270E+12 -0.239E+12
    582000   0.397 -0.272E+12 -0.236E+12
    583000   0.397 -0.266E+12 -0.234E+12
    584000   0.398 -0.266E+12 -0.238E+12
    585000   0.399 -0.265E+12 -0.245E+12
    586000   0.399 -0.269E+12 -0.250E+12
    587000   0.400 -0.274E+12 -0.253E+12
    588000   0.401 -0.374E+12 -0.408E+12
    589000   0.401 -0.226E+12 -0.269E+12
    590000   0.402 -0.323E+12 -0.275E+12
    591000   0.403 -0.246E+12 -0.265E+12
    592000   0.403 -0.265E+12 -0.254E+12
    593000   0.404 -0.270E+12 -0.255E+12
    594000   0.405 -0.260E+12 -0.262E+12
    595000   0.405 -0.254E+12 -0.256E+12
    596000   0.406 -0.239E+12 -0.255E+12
    597000   0.407 -0.232E+12 -0.256E+12
    598000   0.407 -0.231E+12 -0.248E+12
    599000   0.408 -0.246E+12 -0.241E+12
    600000   0.409 -0.246E+12 -0.250E+12
    601000   0.409 -0.246E+12 -0.252E+12
    602000   0.410 -0.247E+12 -0.254E+12
    603000   0.411 -0.250E+12 -0.254E+12
    604000   0.411 -0.250E+12 -0.251E+12
    605000   0.412 -0.247E+12 -0.246E+12
    606000   0.413 -0.236E+12 -0.246E+12
    607000   0.414 -0.238E+12 -0.251E+12
    608000   0.414 -0.236E+12 -0.248E+12
    609000   0.415 -0.229E+12 -0.248E+12
    610000   0.416 -0.239E+12 -0.253E+12
    611000   0.416 -0.235E+12 -0.248E+12
    612000   0.417 -0.236E+12 -0.248E+12
    613000   0.418 -0.241E+12 -0.255E+12
    614000   0.418 -0.238E+12 -0.259E+12
    615000   0.419 -0.243E+12 -0.262E+12
    616000   0.420 -0.248E+12 -0.254E+12
    617000   0.420 -0.244E+12 -0.248E+12
    618000   0.421 -0.241E+12 -0.244E+12
    619000   0.422 -0.242E+12 -0.249E+12
    620000   0.422 -0.242E+12 -0.257E+12
    621000   0.423 -0.239E+12 -0.266E+12
    622000   0.424 -0.242E+12 -0.264E+12
    623000   0.424 -0.248E+12 -0.264E+12
    624000   0.425 -0.302E+12 -0.287E+12
    625000   0.426 -0.365E+12 -0.271E+12
    626000   0.426 -0.271E+12 -0.302E+12
    627000   0.427 -0.265E+12 -0.299E+12
    628000   0.428 -0.243E+12 -0.244E+12
    629000   0.429 -0.231E+12 -0.269E+12
    630000   0.429 -0.243E+12 -0.245E+12
    631000   0.430 -0.237E+12 -0.238E+12
    632000   0.431 -0.238E+12 -0.235E+12
    633000   0.431 -0.237E+12 -0.230E+12
    634000   0.432 -0.233E+12 -0.227E+12
    635000   0.433 -0.233E+12 -0.221E+12
    636000   0.433 -0.236E+12 -0.216E+12
    637000   0.434 -0.238E+12 -0.218E+12
    638000   0.435 -0.234E+12 -0.217E+12
    639000   0.435 -0.233E+12 -0.218E+12
    640000   0.436 -0.234E+12 -0.218E+12
    641000   0.437 -0.235E+12 -0.218E+12
    642000   0.437 -0.235E+12 -0.221E+12
    643000   0.438 -0.237E+12 -0.221E+12
    644000   0.439 -0.245E+12 -0.224E+12
    645000   0.439 -0.241E+12 -0.221E+12
    646000   0.440 -0.238E+12 -0.224E+12
    647000   0.441 -0.244E+12 -0.229E+12
    648000   0.441 -0.251E+12 -0.225E+12
    649000   0.442 -0.257E+12 -0.225E+12
    650000   0.443 -0.273E+12 -0.228E+12
    651000   0.444 -0.287E+12 -0.229E+12
    652000   0.444 -0.295E+12 -0.233E+12
    653000   0.445 -0.294E+12 -0.231E+12
    654000   0.446 -0.285E+12 -0.233E+12
    655000   0.446 -0.271E+12 -0.238E+12
    656000   0.447 -0.270E+12 -0.239E+12
    657000   0.448 -0.270E+12 -0.241E+12
    658000   0.448 -0.262E+12 -0.243E+12
    659000   0.449 -0.252E+12 -0.242E+12
    660000   0.450 -0.245E+12 -0.245E+12
    661000   0.450 -0.384E+12 -0.405E+12
    662000   0.451 -0.223E+12 -0.270E+12
    663000   0.452 -0.331E+12 -0.280E+12
    664000   0.452 -0.255E+12 -0.283E+12
    665000   0.453 -0.248E+12 -0.246E+12
    666000   0.454 -0.269E+12 -0.255E+12
    667000   0.454 -0.233E+12 -0.257E+12
    668000   0.455 -0.236E+12 -0.231E+12
    669000   0.456 -0.240E+12 -0.245E+12
    670000   0.456 -0.234E+12 -0.240E+12
    671000   0.457 -0.230E+12 -0.226E+12
    672000   0.458 -0.233E+12 -0.230E+12
    673000   0.459 -0.237E+12 -0.232E+12
    674000   0.459 -0.242E+12 -0.233E+12
    675000   0.460 -0.245E+12 -0.234E+12
    676000   0.461 -0.245E+12 -0.233E+12
    677000   0.461 -0.245E+12 -0.226E+12
    678000   0.462 -0.240E+12 -0.226E+12
    679000   0.463 -0.237E+12 -0.229E+12
    680000   0.463 -0.239E+12 -0.230E+12
    681000   0.464 -0.248E+12 -0.233E+12
    682000   0.465 -0.243E+12 -0.229E+12
    683000   0.465 -0.237E+12 -0.227E+12
    684000   0.466 -0.237E+12 -0.234E+12
    685000   0.467 -0.240E+12 -0.238E+12
    686000   0.467 -0.241E+12 -0.236E+12
    687000   0.468 -0.241E+12 -0.233E+12
    688000   0.469 -0.243E+12 -0.240E+12
    689000   0.469 -0.247E+12 -0.243E+12
    690000   0.470 -0.247E+12 -0.234E+12
    691000   0.471 -0.244E+12 -0.231E+12
    692000   0.471 -0.245E+12 -0.236E+12
    693000   0.472 -0.244E+12 -0.241E+12
    694000   0.473 -0.249E+12 -0.244E+12
    695000   0.473 -0.255E+12 -0.247E+12
    696000   0.474 -0.254E+12 -0.245E+12
    697000   0.475 -0.248E+12 -0.246E+12
    698000   0.476 -0.430E+12 -0.462E+12
    699000   0.476 -0.256E+12 -0.270E+12
    700000   0.477 -0.345E+12 -0.324E+12
    701000   0.478 -0.297E+12 -0.304E+12
    702000   0.478 -0.255E+12 -0.265E+12
    703000   0.479 -0.273E+12 -0.260E+12
    704000   0.480 -0.255E+12 -0.262E+12
    705000   0.480 -0.243E+12 -0.245E+12
    706000   0.481 -0.250E+12 -0.230E+12
    707000   0.482 -0.246E+12 -0.242E+12
    708000   0.482 -0.238E+12 -0.241E+12
    709000   0.483 -0.246E+12 -0.236E+12
    710000   0.484 -0.243E+12 -0.240E+12
    711000   0.484 -0.237E+12 -0.244E+12
    712000   0.485 -0.243E+12 -0.240E+12
    713000   0.486 -0.240E+12 -0.239E+12
    714000   0.486 -0.239E+12 -0.243E+12
    715000   0.487 -0.243E+12 -0.241E+12
    716000   0.488 -0.242E+12 -0.243E+12
    717000   0.488 -0.244E+12 -0.249E+12
    718000   0.489 -0.242E+12 -0.253E+12
    719000   0.490 -0.246E+12 -0.247E+12
    720000   0.491 -0.248E+12 -0.244E+12
    721000   0.491 -0.254E+12 -0.254E+12
    722000   0.492 -0.256E+12 -0.261E+12
    723000   0.493 -0.259E+12 -0.266E+12
    724000   0.493 -0.262E+12 -0.263E+12
    725000   0.494 -0.262E+12 -0.264E+12
    726000   0.495 -0.262E+12 -0.263E+12
    727000   0.495 -0.261E+12 -0.273E+12
    728000   0.496 -0.256E+12 -0.279E+12
    729000   0.497 -0.260E+12 -0.270E+12
    730000   0.497 -0.260E+12 -0.264E+12
    731000   0.498 -0.257E+12 -0.260E+12
    732000   0.499 -0.258E+12 -0.261E+12
    733000   0.499 -0.263E+12 -0.264E+12
    734000   0.500 -0.309E+12 -0.282E+12
    735000   0.501 -0.448E+12 -0.394E+12
    736000   0.501 -0.300E+12 -0.313E+12
    737000   0.502 -0.331E+12 -0.359E+12
    738000   0.503 -0.295E+12 -0.316E+12
